## ListNet
## Epochs = 1500
## No. of features = 46
1 2 3 4 5 6 7 8 9 10 11 12 13 14 15 16 17 18 19 20 21 22 23 24 25 26 27 28 29 30 31 32 33 34 35 36 37 38 39 40 41 42 43 44 45 46
0
0 0 -0.034467041855951105
0 1 -0.07884804266511665
0 2 0.017911815945860336
0 3 0.08616448215221376
0 4 0.022190834301287106
0 5 0.0062354146502912045
0 6 0.041672416031360626
0 7 -0.07834052294492722
0 8 0.08225847035646439
0 9 -0.07292643934488297
0 10 -0.048106251956141086
0 11 -0.051409194179167415
0 12 -0.031090585066542775
0 13 -0.00905581090843578
0 14 0.06486005486348947
0 15 0.06628988875798242
0 16 -0.06001388247290323
0 17 -0.033516188190781095
0 18 -0.01786611019721377
0 19 -0.046641814938445186
0 20 -0.010976476077534278
0 21 0.005817355308575518
0 22 0.10900491655788913
0 23 0.08935612510478975
0 24 0.02078598519986674
0 25 0.07884271017773625
0 26 0.08807277567200185
0 27 0.03905824131487305
0 28 -0.023423295486914297
0 29 0.06927536888749392
0 30 0.03516047016713465
0 31 0.1142703345785785
0 32 0.015709907799348628
0 33 0.10175682668617166
0 34 -0.041960754512053236
0 35 -0.061793934726102506
0 36 0.12564302586542772
0 37 0.11557395653392355
0 38 0.10964395543230847
0 39 -0.00866193393770777
0 40 0.07085604956584128
0 41 -0.0678117304155181
0 42 0.09748043864965439
0 43 -0.05027876886312619
0 44 0.013093357977295987
0 45 0.014301978606472502
0 46 0.09823401272296906
