## RankNet
## Epochs = 100
## No. of features = 46
## No. of hidden layers = 1
## Layer 1: 10 neurons
1 2 3 4 5 6 7 8 9 10 11 12 13 14 15 16 17 18 19 20 21 22 23 24 25 26 27 28 29 30 31 32 33 34 35 36 37 38 39 40 41 42 43 44 45 46
1
10
0 0 -0.08355759008362149 -0.048961950864030254 -0.026618785270677688 0.019684646317582988 0.04786600238496342 -0.06171435957740591 -0.014186827553392406 -0.10289375443540108 -0.07899878765472741 0.009647914506281623
0 1 -0.04928003651138428 -0.049998222137230305 -0.021428219877488223 0.11032883436856818 -0.0038376716265293436 0.024727160745539527 0.03195569402111342 -0.10383895455077682 -0.044351583588037244 -0.14386558230304825
0 2 0.07775989995664824 0.08410969539871087 0.0326884307901068 0.031638085230899456 -0.07505454233997942 -0.1313146883328999 -0.04729115192383031 -0.053758939222729306 -0.07478174535123519 -0.013164176609276632
0 3 0.0010693576652041487 -0.05622985307869995 -0.02211590946806779 -0.05420422596546342 0.05464956029690724 0.07018829273594906 -0.05825017959268324 -0.04887285847859632 0.0769850271561103 -0.0049706125696205306
0 4 0.08568811230233896 -9.918942855293798E-4 -0.030088697302361463 -0.034348159996704285 -0.08575948454767306 -0.053532068172922 0.018575779756703766 0.0326802736531398 -0.06056219733663157 -0.07542879383009712
0 5 0.026299387216567993 0.07437187433242798 -0.07121600210666656 0.0839150920510292 0.06070437282323837 -0.05400136113166809 0.08801055699586868 0.022387515753507614 -0.058101482689380646 0.0072026969864964485
0 6 0.030597304925322533 -0.007377207279205322 -0.06567349284887314 -0.03935999423265457 -0.07590047270059586 -0.06921294331550598 -0.004217606969177723 0.014668983407318592 0.052363235503435135 -0.08441870659589767
0 7 0.07012253999710083 -0.018797557801008224 0.07404246926307678 -0.03204622119665146 -0.005442208144813776 -0.09908585250377655 0.017575865611433983 0.004776418209075928 -0.026950519531965256 -0.08921030163764954
0 8 0.09564993530511856 -0.0948488861322403 0.07195605337619781 0.09916190057992935 -0.09280441701412201 -0.006616908125579357 0.0011752307182177901 -0.06593964993953705 0.0072407484985888 -0.06988877058029175
0 9 -0.09710688889026642 -0.01553602796047926 0.08575926721096039 -0.041204459965229034 -0.010120796971023083 0.08259190618991852 -0.048031650483608246 -0.0838099867105484 -0.03386717289686203 0.07052447646856308
0 10 -0.05964210747191238 0.018867094911437395 -0.05557391195340127 0.048215986542995797 0.04479981259021971 0.034505896009407455 0.04530020006434976 -0.02078962901268963 0.01613760976798447 -0.11448364906729216
0 11 -0.06155306504494395 -0.06379130864631968 -0.006330687786513582 0.14357120757120728 -0.09143286865571522 0.011091945627307575 -0.0744949802865333 -0.13226740439530163 0.026766324644833143 -0.03230592268568629
0 12 0.047516549534919045 0.018306719742655627 0.047867074814283206 0.1340667196642372 0.05962392771780853 -0.03244457771050735 0.023267548904157144 -0.14923936991015496 -0.07591521810372318 -0.18315547480930122
0 13 -0.04388376890030394 0.03900722817147495 -0.03536895906323939 -0.021947751816628665 -0.0028141892410132353 -0.08099885456954381 0.005246966577571519 -0.09036768904487452 -0.08661143227168433 -0.05634240693784099
0 14 -0.05207588634119825 -0.0369517086708437 -0.004843101832089203 0.08134265095755466 0.08783609985221315 -0.04728143056682091 0.03305347434196099 -0.07944440882878764 0.05273480718204388 -0.010412718959053319
0 15 -0.04479356049008509 -0.003522989108458969 -0.019010191628343918 0.06188590763768068 0.05031679248988944 0.0484909836932887 -0.034793971604101075 -0.09161169275781485 0.09166377172080584 0.03335242872757953
0 16 -0.012478807775758051 0.10174259027505225 -0.07287750551423217 0.07226632194992032 -0.08675131796149047 0.0405174904094262 0.01111601434790734 -0.03397819883136953 0.08090442106905764 -0.019142006239039507
0 17 4.978876290882725E-4 -0.09923525920691878 -0.04572243611844592 -0.09100180867211587 -0.013659874227575012 0.014034606650066029 0.06341180761435823 0.014395056140249727 0.08745733842495317 0.04672793236658174
0 18 -0.07958257352217676 -0.0866961229803385 0.02990561857122977 -0.13018931836285552 0.0016775135249952704 0.005523243233747829 0.07806845271713471 -0.05175628361999231 -0.0888508350420795 0.01635356293297495
0 19 0.0016632033747340498 -0.011799663737052523 -0.07215825076718879 0.030409773012116482 -0.014598448298217085 0.05438246628562827 -0.0849077128259242 -0.07051420293698671 -0.05717941551032342 -0.08144138820032726
0 20 0.12365634452217561 0.11954228966172094 -0.0837407702637657 0.22113293107166074 0.012588167789271625 -0.2000068207560603 0.07099166854491988 -0.06095859182440455 0.030748193919330546 -0.1926280460436894
0 21 0.022431695261300313 0.1334869092089083 -0.06771171634072745 0.2767483473320061 0.089365571866305 -0.20484478366405648 0.01656101186938429 -0.22582565638872307 0.0025586077528833026 -0.32004115248153214
0 22 0.027473165139749015 0.036844547954556724 -0.11293276787124948 0.22500390672817738 -0.09463099177185293 -0.16268282658798316 0.13943077876906196 -0.13754296627781 0.07083836030785207 -0.2377831010234121
0 23 0.14756497517687203 0.0400744442077337 5.019425152262871E-4 0.28639932152846265 -0.07952626428816266 -0.22845448982567795 0.08569468170418817 -0.13874601706409392 -0.028795775774645746 -0.21149896387888528
0 24 -0.01976690732242991 0.007437373549476962 0.035838609337440194 0.15581893385722623 -0.034963364754467416 -0.10481589100287175 -0.0017452087718904182 -0.15297680692450435 -0.05467924309924514 -0.021386558752620216
0 25 -0.06198105452086608 -1.5529555314747464E-4 -0.07806050142035846 0.14633443116414577 0.01329228425523024 -0.05303057981940586 0.020891668736156714 0.013720850383952151 -0.0644934743424691 -0.17254749610433506
0 26 0.05164781164121346 0.030956633642396692 0.040021125703934235 0.16007005442415584 -0.049162354332024295 -0.031100127092337466 0.025591059718653685 -0.1440369130240758 -0.0925121318800587 -0.0667946467213402
0 27 -0.011673002600487025 0.044261826306200056 -0.008589566683010948 0.12466888105693172 0.05631766067082211 -0.1499032941710236 0.06093571906951449 -0.025736845311544965 -0.0572631584953204 -0.15649635500730152
0 28 0.03381572755589346 0.046276317612447694 -0.13906822808763328 0.1792016660148026 0.0748394758436849 0.028171431530925203 0.1168094327808579 -0.04290316443496976 -0.09802787752268684 -0.15221487126920233
0 29 5.337782619064492E-4 0.0947897510183694 -0.0480354627192259 0.1729778367117876 -0.07031833585165938 -0.13818150543366609 -0.060161121047991865 -0.12272434398058175 0.06027961866828263 -0.18180302590786487
0 30 0.04624937645566525 0.07396102896706475 0.024871924340981566 0.1074682256786479 0.012113254441562879 -0.13780124551733344 0.07682346243805796 0.019863436677596533 -0.059865090367325687 -0.18612683324083532
0 31 -0.0495805479682373 0.012550738026653597 -3.552169397181479E-4 0.16275394017672573 0.03331316101638258 -0.027427381938882715 -0.006462158720650724 -0.1091775304687395 0.0557598510288349 -0.15224352035791702
0 32 0.09848174604510378 -0.08883421516710827 0.06813532072668652 0.11021591733918654 -0.0047195515858665625 0.040839346640162234 0.012291290660748655 0.04651004424958153 -0.09926458853792451 -0.0778700168052247
0 33 0.016892511387041117 0.013301069278716512 -0.05751492949126604 -0.04089388986534881 -0.026959239448024214 -0.09646492678744346 0.019243779516680222 -0.11201408999164088 -0.10038428650561701 0.03018105534791029
0 34 -0.07022095011730037 -0.08553579792445097 0.04911543985779028 0.048026898286149186 -0.037187835713412706 -0.06803674458342993 0.03436329589096156 -0.07699269085898347 0.008802591245974854 -0.11500766912859835
0 35 -0.013838328046885189 -0.002520974702329533 -0.0070801373623669995 0.08504483465239766 0.0421315626786747 -0.03434543188470841 -0.051398536487158065 -0.0943854068039443 0.012238998819445353 -0.0993558882692953
0 36 0.044739697924221444 -0.035293708216206233 -0.054964921486078885 0.24033205105247202 0.060667861652200374 -0.05573486158505551 0.13487562030611203 -0.09496907973097513 0.049169133405891165 -0.1862140226160414
0 37 0.05063248067965773 0.009118648301668609 -0.17506277044604354 0.15270506909136677 0.06696167066907086 -0.11138062711816274 0.12979216865085527 -0.18797213612431288 0.0736225345773644 -0.32266510661813436
0 38 0.014675110673794114 -0.034556509086078505 -0.1682024060986089 0.33579534871649247 -0.016803173124887487 -0.24273912707575213 0.03985302654504528 -0.19921924698748547 -0.10320797293891572 -0.20687945662870771
0 39 0.07554649912991583 0.04577665842186636 -0.16113848856809643 0.23103194717986408 0.09547402625783993 -0.14674220343383845 0.025970985143677423 -0.11335244208672787 -0.041904241429621944 -0.17770763137874904
0 40 0.08106674293704735 0.08763836029415718 0.11867589398632478 -0.0011335196873991967 0.022837048764281116 0.04271686621355364 0.07610885243582344 0.0113284367302448 -0.022812377418963404 0.10864287652770105
0 41 -0.09875670562229384 0.003148785299658343 0.04898470351462239 0.011020801380980499 -0.07924360982895051 0.0035536329135744697 0.012583040564538248 0.08740560388341868 0.007300248467190652 0.0936698698409631
0 42 -0.07173726707696915 0.08101744204759598 -0.01739167608320713 0.09544296562671661 0.05628953129053116 0.05631667375564575 -0.020346933975815773 -0.033431656658649445 -0.07721306383609772 -0.044257789850234985
0 43 -0.06991053146668605 -0.004695731978767894 -0.034047264063725664 -0.013656356819669625 0.010306689861965302 -0.05397506246907637 0.010989114738175782 -0.058722625439619744 0.06569749155563405 -0.04359414555181897
0 44 -0.028167178201812835 0.058260905322240354 0.07380684715963784 -0.037963402602451686 -0.05399054577239992 -0.07082269024002041 0.01639620580297531 0.017114119869587753 0.05303107633289683 -0.06602078737698314
0 45 0.06558005389384622 -0.06470205846447988 -0.03226741552581111 -0.07813927092278097 0.099983163471457 0.08455795523152682 0.09869794569278721 0.06643886438265786 -0.09946584564806288 -0.08015572901318896
0 46 -0.10131422185354716 -0.02073649833848849 0.09868367014517428 0.06222949064518192 -0.043007119954298054 -0.03414652114217329 3.298430144053764E-4 0.022404417082211744 -0.07235548127492478 -0.03566226494664794 -0.027759498289796403
1 0 0.1549721434443112
1 1 0.12076538399140004
1 2 -0.3253363042548139
1 3 0.7688417276238751
1 4 0.011243759375615045
1 5 -0.5332286312665612
1 6 0.19238671423053386
1 7 -0.5104020057408792
1 8 -0.07304934113966396
1 9 -0.7356535877510985
